4987
9930
19195
13787
23046
20412
26749
7937
11278
29773
9035
20531
891
26417
113
3610
4524
16770
2856
12135
18921
6386
3402
12304
7482
4111
27413
20067
185
7480
30350
9873
6844
1505
9977
26545
21455
25176
14996
10225
25780
15861
31075
31889
12638
27071
8648
11641
6324
4903
14754
2661
15213
13399
32670
5036
9863
15128
27114
18423
22702
22786
25869
27526
24086
11873
15979
350
5945
29181
19461
10069
24821
15297
22915
30673
30127
2758
3887
12440
30843
2656
29743
4702
6778
1407
736
1144
6097
30636
1625
32090
20228
25182
25039
71
21511
20180
27934
6335
21431
18190
12176
19852
6
20325
6449
90
25410
18268
5746
15083
19493
25220
1622
7780
25492
23408
27488
4233
25762
2745
21231
29801
26049
1040
31042
31871
13888
28770
30919
31750
13793
8840
11990
9073
11121
19469
17059
8430
11392
14958
23301
26750
19672
20245
9143
26099
26476
7570
